x = 0 : 11
y = 0 : 11
z = [0.092565805031885, 0.000305328840701, 0.005316296637597, 0.005316296637597, 0.000000057842053, 0.000000000010958, 0.000000057842053, 0.000001007128939, 0.000000000000000, 0.000000000000000, 0.000000000000000, ;0.000307127250497, 0.093111024573501, 0.000000058182747, 0.005347610023948, 0.000000058182747, 0.000307127250497, 0.005347610023948, 0.000307127250497, 0.000000000800815, 0.000000000000000, 0.000000000000000, ;0.005043236873280, 0.000000054871124, 0.087811368131763, 0.000289646303220, 0.000000955399998, 0.000000000000000, 0.000000000010395, 0.000000054871124, 0.000000000000000, 0.000000000000000, 0.000000000000000, ;0.005620666776579, 0.005620666776579, 0.000322809615009, 0.097865409035045, 0.000322809615009, 0.000000061153643, 0.000322809615009, 0.005620666776579, 0.000000000002776, 0.000000000000000, 0.000000000000000, ;0.000000054871687, 0.000000054871687, 0.000000955409798, 0.000289649274125, 0.087812268814079, 0.000000000000597, 0.000000955409798, 0.005043288601825, 0.000000000002491, 0.000000000000000, 0.000000000000000, ;0.000000000010403, 0.000289862156671, 0.000000000000000, 0.000000054912016, 0.000000000000597, 0.087876807899841, 0.005046995250565, 0.000000956111992, 0.000069465766271, 0.000000054912016, 0.000000000755797, ;0.000000060853841, 0.005593111808800, 0.000000000011528, 0.000321227061036, 0.000001059569310, 0.005593111808800, 0.097385629980382, 0.005593111808800, 0.000076982398110, 0.000000000011528, 0.000000000837579, ;0.000001058869464, 0.000321014890444, 0.000000060813647, 0.005589417556391, 0.005589417556391, 0.000001058869464, 0.005589417556391, 0.097321306735922, 0.000000253759164, 0.000000000000000, 0.000000000002761, ;0.000000000000000, 0.000000000754568, 0.000000000000000, 0.000000000002489, 0.000000000002489, 0.000069352749906, 0.000069352749906, 0.000000228760445, 0.087733837944934, 0.000069352749906, 0.005038784111578, ;0.000000000000000, 0.000000000000000, 0.000000000000000, 0.000000000000000, 0.000000000000000, 0.000000051810755, 0.000000000009815, 0.000000000000000, 0.000065542554308, 0.082913797160238, 0.000065542554308, ;0.000000000000000, 0.000000000000000, 0.000000000000000, 0.000000000000000, 0.000000000000000, 0.000000000753440, 0.000000000753440, 0.000000000002485, 0.005031255082718, 0.000069249121958, 0.087602744692412, ;];
